0.0166741272151
-0.216386692408
-0.491032841179
-0.677553131394
0.0619955065425
0.107265964554
0.406827489405
0.128889746514
0.886384190222
0.157203313663
0.0603875280836
0.140333258897
0.212627399533
0.637282828611
0.961720848723
0.706512986475
0.986934324056
0.906548007252
0.232311762815
0.577235588647
0.0380408910104
0.39559589796
0.258702041058
0.214812012549
-0.696030503561
-0.473680221307
-0.117342239724
-0.54171397146
0.478856817519
0.33241162594
0.480622145454
0.601827037639
-0.0168742532608
0.142936743158
0.334329342567
-0.150152472289
0.534812425107
0.578893709367
0.00523288461602
0.516223965498
0.456480432216
0.492276573909
0.93750128027
0.119823144239
0.47932296777
0.651868147158
0.857984523709
0.848690530551
0.911083844873
0.0622510557761
0.155361397537
0.562430010373
0.261621954412
0.0062326468044
0.159028052538
0.597659877599
0.254307715384
0.476716686962
0.0831096610176
0.199726063681
0.832586963026
0.479108503806
0.591556144548
0.675311532068
0.424801575224
0.376159825439
0.414232305185
0.185019596105
0.727555715938
0.829377772852
0.874615717918
0.964971133548
0.799837794524
0.955636268587
1.2168082557
0.951625144791
0.76425567507
0.0356848237164
0.320483535624
0.525391509588
0.0684915188422
0.164681540192
1.05018907287
0.0988726489067
0.175982004822
0.532305485533
0.8196032826
0.465552744052
0.706021871045
0.190845448579
0.142541835364
0.137031073203
0.824774450509
0.82765247585
0.32500342753
0.896801818386
0.8464505527
0.897895142887
0.95863597003
1.22374561079
0.712434560613
1.15327037094
1.10400982897
1.36073433302
0.557840355478
0.86365483343
0.883322426367
1.66305665552
0.6741305791
0.905258672805
0.762125375111
0.362735178852
0.0917302274423
0.894583944517
0.970223372122
0.640454206574
0.667703835753
0.45835186482
0.322522779699
0.158094088149
0.829807418065
0.77843535142
0.828597829412
0.729534605472
0.225811845418
0.263196217393
0.434674422743
0.65600297226
1.23248784749
1.09992537071
0.828156534224
0.56213037492
0.968062108279
1.17371943413
0.979072326892
0.180198398764
1.30234691678
1.21545168444
1.03012132885
0.965116587909
0.874345623792
0.820617022009
0.670772289702
0.836525584327
1.45256175089
0.942291201787
0.32373074465
0.129574279891
0.787878796351
0.343303792291
0.46177028675
0.374605684125
1.48986721211
0.963058896761
0.711342774841
0.970869618523
0.691103632782
0.283069003994
0.906645747605
0.263138713507
0.998032649819
1.07183994517
1.28195293576
1.17971776654
1.24309862704
1.1590407848
1.14045652398
0.33697411176
0.895780163008
0.770646616263
1.34359215138
0.875771679999
0.300843571787
0.512966353687
0.87922436292
0.6594778636
0.598021113109
0.347653185871
0.470699295057
1.15705764619
0.110156646528
0.517618097799
0.0478351092606
0.119247005638
1.50735826463
1.44637666796
1.4434497538
1.45025830087
0.372984747222
0.767735199541
0.823026498104
0.215934654152
1.44291508412
1.69901095051
1.46819240448
1.15431294102
0.91092927963
1.62495473612
1.37115726356
1.13200766251
1.45399744151
1.35676472007
1.80863606199
1.3136689644
0.615993489928
1.69250838692
0.806420587229
0.582980803545
1.64188924133
0.927585747124
0.900844609257
1.58584730538
0.47717179277
0.692643198823
1.3023453489
0.446883303857
1.5031744912
1.6020047595
1.7654565772
1.40518726223
0.858939061356
0.938846321379
0.907014502212
0.531787768409
0.35399122123
1.48145731792
1.36828667024
1.73238218986
1.20108224637
1.3550394576
0.623773261336
2.18201766558
0.0477703246362
1.70117348253
0.34467973943
0.108055571381
0.396302628399
0.787067069639
0.500759395409
0.0795573053729
0.769385374693
0.404213743125
0.993746623454
0.0130021598064
0.737691234025
0.348108848754
0.228805441324
0.587875335528
1.75879775932
1.70305842168
1.67715029309
1.75152352028
0.227398015752
0.607419447931
0.50453823428
0.210743694696
1.53315192336
1.53013123663
1.62292123467
1.56448393884
1.87974432523
1.49139834134
1.30335648392
1.4959230793
1.88703626123
1.90266539929
2.00577799845
1.7687734979
0.728710954008
1.5836451365
0.878005276574
0.721206208272
1.9102808348
1.66021032969
0.873281537145
0.772696069291
0.822076181403
0.629349286962
0.970336131838
0.869900182963
2.01131811338
1.75480606879
1.78279832041
1.61217621793
0.440897863189
0.798125131235
0.230481633558
0.216625865322
1.09267164252
1.76928835568
1.31938022102
0.940775897109
2.03256656978
1.80251575409
0.931550067879
2.7581760001
1.5557540624
1.34487637094
0.329082639918
0.159313668121
0.918234676095
0.106022772928
0.564061424123
1.30487051889
0.599234504686
0.471999507473
0.456893010851
0.930499695749
0.131736494441
0.436446449744
0.841598873274
0.590388799345
2.01875930603
2.02589194337
2.8966482026
2.73047581311
0.55885969209
0.956519564107
0.139162822584
0.468958819444
1.90528769507
1.71811294498
1.77699106871
1.50131229718
1.63784471269
1.32993600236
1.94292965075
1.02038552194
1.8238836384
1.8944231761
1.93654269589
1.88713029146
0.432320988
1.93756998551
1.26159896385
1.44140205068
0.570447200993
1.30888344462
1.92918149592
1.47527109412
0.523569046868
1.06441618838
0.105870425373
0.696958578981
2.10207112224
2.19316865895
1.90995388698
1.80567747341
0.984387874131
0.701439201845
0.420303116218
0.76091654779
1.74993839436
1.49423935032
2.70725260811
2.78782070503
2.26083993998
0.11718942878
1.44517359958
0.411841082735
1.91504754958
0.893528901552
0.166207518872
1.20917802512
1.9297902495
0.648074573549
1.1794447258
1.20156105326
0.711771975646
0.835401401706
1.41893343614
0.373051889468
0.613801769317
0.389999780963
0.557714282248
2.01478899259
2.96304145663
2.6795422785
2.13280889427
3.69804773406
0.5437528943
0.557356982761
0.939832832167
0.240995417885
1.93593147189
1.84937002996
1.96819077117
1.8777142295
1.43871051496
0.825318613801
1.75056521976
1.41679731839
2.10241411822
2.14354163379
2.17497610804
1.86769567135
1.35473799828
1.59406872759
1.93682440773
1.65217356225
1.97430276348
1.99484477568
1.6699806847
1.3992055454
0.0305713459252
0.604405126039
0.651493598215
0.288154911315
2.31967846492
2.12107773677
2.21351650905
2.15172544575
0.658653242352
0.756397041809
0.703965420438
0.5019673831
2.39883411463
1.92611827067
1.55273651871
3.25423615939
0.546251486081
1.8553466771
0.593240049116
0.562922183299
0.665169238084
1.75558556496
1.20149014909
0.401803414539
1.90261020177
1.16258753147
1.28470668802
1.44734400745
0.74858389646
0.656885110938
0.284295809489
0.0962752463096
0.0723329060298
0.453821030704
0.984619236358
0.442537273895
2.15932715337
2.18738043334
2.29245511439
3.29652898227
0.100315510269
0.757189888136
0.501957754948
0.5725706747
2.09306134978
1.83761196229
1.83257395772
1.5485079484
1.1411327274
1.42164974839
2.27722921142
0.0466739887852
1.90038316046
1.97679373041
2.13033840178
1.55863381736
2.02773967411
2.21036273419
1.80158381525
2.01186372138
2.10310470883
2.06231660168
2.14792721258
2.05093142558
0.617740480067
0.425546631057
2.31690416148
0.239554400402
2.18556595893
2.23550724472
2.31390633642
2.15013702515
0.0876655939918
0.214028454694
0.201173194223
0.00414616498692
2.57085729523
1.036936248
0.648852499593
2.99416788607
0.855755609304
0.772664474629
0.628223916412
2.65994745808
1.21206346239
2.16779210931
0.338979706526
0.781824883392
2.49994004091
1.73933347355
1.8462537184
2.83749863413
0.956184324579
0.603766400638
0.040367964564
0.228400251979
1.29127674667
0.940982251629
0.916340524891
2.33854543207
2.56718995336
2.34432791078
2.42854029135
2.61790212161
0.771840505681
0.990398085551
0.196094938139
0.754928442396
1.78437333612
1.89485262082
1.78286837763
1.62446939958
1.49636123634
1.45959795323
2.11779931041
0.506698339639
1.90293164052
1.84935400622
1.90006780962
1.20029988369
1.2268215002
2.21150291514
1.53676334751
1.48604537776
1.95100512064
2.02748769433
1.88048686367
1.96082411344
0.197295866987
0.11672681305
1.6944420985
0.635322823573
1.88149336323
1.84236893952
2.14844895528
1.22199485275
0.159409791637
0.952384655151
0.49831574022
0.844901881771
1.05556444749
2.04736398922
0.594269801921
2.88107615241
0.16415781605
1.44257432185
0.8595135414
2.26384604209
0.451185244853
1.99352167304
1.97445508417
2.24913186841
2.19348251237
2.3780893626
2.36218319867
2.04945652724
0.320877380832
0.805334726136
0.950677425988
0.88278082912
0.334629024744
2.30590554717
0.261016975971
0.102836432584
2.33653700096
2.41109848733
2.38165928015
2.52829367012
0.234887949226
0.36381075591
0.719499893839
0.49308295633
1.69001172288
1.7773638988
1.74874553693
1.73100543298
1.73715964705
1.27379073168
1.06194440132
0.695311242003
2.07675359386
1.92882371068
2.01805891877
2.41369540922
2.12717558922
2.01517874762
1.37069947777
1.63553186535
2.06662258627
1.76815023789
2.32636576319
1.7325651485
1.2163775276
2.0025770186
0.250699087784
0.501923323988
2.37721593943
2.3970374883
2.35036188717
2.0731221784
0.0450310497438
1.80719910691
0.616427401384
0.507059034692
0.419601566055
1.14755724797
2.11467748359
0.498276112553
0.310554035864
0.137899518876
0.554126880653
1.65028803801
2.32604365333
0.431658159275
0.0859048619859
0.441570074244
2.07054546286
1.34623061301
1.33322946338
2.42380697252
0.78537521304
0.00134962912234
0.304898143264
0.322425137231
0.650817462375
1.94425690672
0.450632436742
0.597900481006
2.84159854376
3.27631757667
3.11941485686
3.24654046926
0.290767749793
0.745898197597
0.963749105663
0.236495278883
1.7705196552
1.41623150017
1.40149294966
1.34640150732
0.412433761088
0.660268576426
1.67980137923
0.449179259128
1.7687996326
1.83483363221
1.61889634746
1.78103904667
1.09129240182
2.06281582708
1.22329121717
0.497506895415
1.72489121594
1.59768737892
1.38907241238
1.56351930046
1.69571447961
0.639451434585
0.701453300211
1.38401602372
1.70376437014
1.69569163863
1.76280779526
1.53511857122
0.137550493984
0.829050791268
0.483651404049
0.842026595229
0.110891559569
1.7985331697
1.18123382382
1.06945468864
0.721063467281
1.60128075881
0.0349350303268
0.261454253817
1.26105899282
2.77492313544
3.58972194861
1.61808595523
1.22160052059
0.703971211479
1.46717211662
2.393707546
1.33256347361
0.865200886587
0.756736366277
0.520209970415
0.904493413237
0.458932717069
1.29450186259
0.351555753857
2.1388816975
3.19120313865
3.09680616386
3.78495404615
0.220179353177
0.951835926149
0.821641469607
0.220252288285
1.55020362657
1.25059551094
1.04946616399
0.59070909477
0.366602920314
0.457351013018
0.0893470670513
0.96740738485
1.34147772894
1.17274706415
1.61580719247
1.08743459847
1.31487823123
0.380440595669
0.392191220164
0.481795377681
1.56838834725
1.26254688635
1.49103862671
1.7418854016
1.54215807458
1.01136752316
0.808346156692
1.07635951528
1.86886525209
1.62339760227
1.36229383464
1.85799388593
0.994504250009
0.248662778486
0.483189330122
0.617400222865
0.735684266242
2.74884711376
0.914070358132
0.535934060448
0.860187433067
0.595464515035
0.377236836125
1.5683041982
2.32812019296
0.147015996722
0.160189432058
4.98814750406
1.5475373931
1.04871762968
0.747614924418
0.662099400846
0.925863338833
1.1717778925
0.17013798947
1.46958760284
0.762817581488
0.842274223504
1.57926569355
2.96323744801
1.82788234442
1.62334987578
1.82902485802
1.8647142891
0.807202687633
0.461889290059
0.526162287362
0.364722137952
1.01788232626
0.908654572817
1.06223041092
0.262761427416
0.36614099068
0.0885880842577
0.318336048174
0.849385689023
0.724256063833
0.84050951497
0.824419348334
0.547635497019
0.799581642351
1.16459391365
0.879091700304
0.713897277031
1.10368140333
1.12607541622
1.09733321078
0.779367848922
0.814778075854
1.72929835834
0.719265920574
-0.0234993036051
1.09324412621
1.50814630366
1.08442694758
0.954665869941
0.159493853816
0.727698405536
0.9951534699
0.383265746978
0.819391678281
0.55806989292
1.077892822
0.636876658124
1.11120943755
0.528657443927
0.857792714685
0.419764382902
0.557979555708
0.830983969052
1.24847796029
0.438665593666
0.919118852843
1.06826542833
0.723565779689
1.1965351813
0.254340739889
0.799682533779
0.712717638389
0.384045865967
1.4412115706
1.12139543482
1.36512519416
2.62552303468
1.74552500492
0.999747759365
1.08658523775
2.200044496
0.555478564898
0.0467561295925
0.914246720312
0.852989036998
0.480374931627
0.304157556178
0.592115615209
0.230012912923
0.635128672901
0.592375880126
0.559746868228
0.371095003109
0.463448604664
0.404726167716
0.502205529844
0.128347123424
0.19786517568
0.593782967726
0.291024187719
0.185294166776
0.818588106143
0.824914929111
0.69795933995
0.675504050389
1.12860543346
0.546911516154
0.340084088255
0.157138129416
0.505326785634
1.7353719611
0.628732132487
0.148946135374
0.161116959124
0.551657274276
0.464639895225
0.514278540483
0.414305727372
0.759315054142
0.376867881255
0.12767345936
0.558091076158
0.669391861121
0.230997273157
0.522763758424
0.40929408373
0.690661821904
0.679396352635
0.181032605883
0.736690602586
0.723121058141
0.0759827850526
1.14738478897
0.351621967289
0.671175879736
0.355259510014
0.131577734883
0.516752850485
0.578963952159
0.578699333748
0.381783861967
2.06952817595
1.72849110345
0.153534385195
2.40722228069
0.297741703866
0.157606161686
0.485217304597
0.844011151281
0.427590828291
0.4469039979
0.436775009781
0.124084328708
0.436643088217
0.111594337768
0.367959677446
0.371425810354
0.474630780618
0.36890001137
0.399154286697
0.117274834079
0.279241599705
0.411610339181
0.53349345388
0.103632484068
0.362314615785
0.648930291803
0.375247814503
-0.446433078994
0.225105092306
0.982223809044
0.165902661302
0.21533583193
0.21754499278
0.213415384887
0.434089076384
-0.428050046209
0.0777967029095
0.474662896822
0.424752234022
0.270689862274
0.418390473228
0.225076243924
0.137798200557
0.0823821856942
0.388818818884
0.574450747975
0.404760528154
0.239586084983
0.773801952759
0.269091180537
0.516212442111
0.416835801449
0.256861749857
0.664148703818
0.420541715272
0.898335239914
0.520919799864
0.0567286357506
0.511466785406
0.684550957816
0.424411550552
0.372427437125
0.444615510401
1.04454673821
0.510371678606
0.786324569089
1.40756304381
2.03136922057
0.633621693149
0.189197602239
0.356564267422
0.204269951659
0.360081142967
0.4106541917
0.342169926579
0.298971032882
0.445676904241
0.673603116622
0.060115272742
0.62658833073
0.471916287983
0.421063803402
0.279512901188
0.395542214624
0.0770287541773
0.785422926555
0.834073183987
0.43027373608
0.345315432406
0.4703437415
0.512752592711
0.383312556473
0.0667256913082
0.471369528925
0.75166761358
0.864270408423
-0.110044721026
0.199472686948
-0.0980875260734
-0.622221043193
0.64500471698
0.166922644504
0.642493632525
0.621553718361
0.91609417336
0.22495889792
0.90195524193
0.245695415767
0.445249495982
0.0501738833016
0.942014785448
0.298843068243
0.750239644348
0.554592941337
0.209351324265
0.526562364119
0.893524094016
0.707989305651
0.826845756841
0.730189904265
0.00363750003397
0.338662743085
0.474787967025
0.818225788733
0.738406457172
0.541817436212
0.661745652286
0.586283310925
0.524344261405
0.175456289553
0.231292611449
0.332771993429
0.74831453642
0.106734617227
0.30674844094
1.41198857583
0.0308599316621
0.0703052492555
0.340581109019
0.183689729196
0.574597505293
0.457272583858
0.0350692581475
0.70356721833
0.641024093486
0.512431135632
0.654522955299
0.334508343604
0.27674629429
0.75012991691
0.729285164492
0.59479952571
0.657124471314
0.485663933579
0.325684198662
0.226794499394
0.865465562906
0.716865057593
0.132272987957
0.0904099366405
-0.276034584468
-0.371024387326
0.0190492541827
-0.228550817319
0.927887314211
0.808759060052
0.593114493079
0.0683244878315
0.122190688869
0.916071196981
0.371415403846
0.417349067419
0.45456757138
0.673417633361
0.0314841329562
0.0278954946237
0.218251875113
0.292864844046
0.188959821823
0.598938390739
0.973734412701
0.0186958885709
0.992518887285
0.289856083793
0.962992787533
0.887212153166
0.510723991947
0.885547351329
0.0855267222414
0.988087076747
0.3508109378
0.234804526542
0.566932845032
0.45824059348
0.835813591153
0.595208629806
0.202329074676
0.192889624704
0.510477586684
0.151948986905
0.697666095063
0.261582509923
0.457915887393
0.470957899027
0.901752374907
0.00729456446812
0.451957004826
0.00511324830777
0.445445650316
0.157210047417
0.211747142535
0.213271778378
0.626507795078
0.808070532858
0.828776977611
0.821889643974
0.277773294803
0.182203820955
0.480249839792
0.120281826764
0.50957645
0.8264806562
0.614859079207
0.563680078624
-0.664821796929
-0.297107303443
-0.541431707025
-1.06697598826
0.0797223028278
0.537824131477
0.44302302362
0.333383434574
0.567359942293
0.156650814406
0.727764197059
0.424691263059
0.234286208055
0.516760966778
0.573820754579
0.0682557231939
0.585598517807
0.577716061005
0.00510590797277
0.180340704042
0.889626634085
0.817855830179
0.694810225077
0.0980066698865
0.416117921276
0.289671031563
0.189266466862
0.819877466389
0.446347047178
0.676790219456
0.424620567853
0.87530674387
0.134097274525
0.599276211314
0.119831111513
0.723303301134
0.0255375596743
0.719885409976
0.773876844428
0.790308975749
0.076822550204
0.72476048483
0.0186831122237
0.692501488425
0.557977591626
0.0385196828834
0.869017375042
0.498841609838
0.250378376472
0.582595241729
0.421688764817
0.0270820682564
0.140612506322
0.324634517129
0.624433534614
0.0697224919348
0.362911423705
0.961206676966
0.624182661968
0.923759480237
0.680438312055
0.463710556892
0.329104362993
0.668217857228
0.523973557089
0.343598436157
0.781467109517
0.7431934349
0.720019499486
0.302388311044
0.671360426986
0.540128621651
0.0346192768309
0.969601234429
0.190756343163
0.907206336659
0.907049738637
0.504674951654
0.624405734129
0.884171316726
0.406167843024
0.0577565199432
0.7881822414
0.056580755543
0.47915076969
0.149540461068
0.677703723445
0.908215978125
0.806552154458
0.598183800586
0.960148850353
0.752325881356
0.978391874171
0.175407189941
0.417299862513
0.192582628447
0.052211622324
0.0926205217413
0.519347503149
0.826517815619
0.328241160446
0.336663056962
0.504866665441
0.631827230675
0.729065960536
0.371419523868
0.386856558427
0.173094516592
0.654301138438
0.813182398706
0.226720350392
0.584359315699
0.640206992185
0.125660207725
0.389034674334
0.788889014376
0.840861603853
0.00920267861794
0.237709410188
0.718604783808
0.489797623395
0.0885456771841
0.196093981424
0.621571055644
0.122475803997
0.956963502167
0.258278971918
0.20471042716
0.0375060000582
0.408750716482
0.0704365196329
0.102860761518
0.7524526847
0.640676963579
0.516600633931
0.0204575032019
0.732754585516
0.453875711732
0.418962616022
0.0395611216773
0.522435861084
0.627579789736
0.136630234223
0.201870690057
0.0525058949106
0.632644288984
0.227279043872
0.278933600733
0.776756579871
0.826425124177
0.77464657124
0.707222160614
0.200957224308
0.513237786783
0.864706748298
0.633569903249
0.0526720642486
0.721466466414
0.334299264408
0.196819748234
0.423822140006
0.219178574275
0.277575292816
0.938070785831
0.513241175995
0.511177721308
0.262772812414
0.479435866654
